-0.0019294 -0.012189 0.0025273 -0.0068885 -0.011623 -0.0028484 -0.010374 -0.00037607 -0.0048124 -0.002064 -0.013435 -0.0024752 -0.0036988 0.00089268 -0.00060837
0.00050817 0.0076534 -0.0011965 0.0044956 0.004158 0.0052 0.0034678 0.0024171 0.0089535 -0.0018133 0.0063932 0.0073033 -0.01002 -0.015622 0.0025475
-0.0017836 0.0045055 0.0014928 0.0044498 0.0067088 0.0086892 0.007548 -0.0047439 0.0028318 0.0011469 0.0050522 0.0027758 -0.0066421 -0.0045418 -0.0035909
0.0023583 0.0020481 -0.0029576 -0.0043352 -0.0010487 -0.0063336 -0.00052498 0.0024281 0.0039339 -0.00043245 -0.0038939 0.00095558 -0.0063444 -0.0077014 -0.00021508
1.9265e-07 -0.0022485 0.0034627 -0.0069201 -0.0041246 0.0011631 -0.003479 0.0020793 -0.0035066 -0.00030963 -0.0038285 -0.0026211 -0.0023732 -0.0035886 -0.0065795
-0.0010437 0.00061809 0.00077745 0.0042278 0.0016256 0.004819 0.0025134 0.0027945 -0.00099192 0.0033508 0.0040061 -0.0026446 -0.0046653 -0.0029734 -0.00058653
0.001739 0.00098863 -0.0019642 -0.00067022 0.0012674 -0.0041659 0.0017292 0.0023868 -0.00259 -0.0013227 -0.0013433 -0.0079302 0.0062012 0.0062087 0.0014602
0.001044 0.00037169 -0.0028812 -0.0020177 -0.0012648 -0.0072745 -0.0022187 0.0053101 -0.00061433 -0.0063471 -0.0029589 -0.0048248 -0.008483 -0.010874 0.0042527
0.00057379 0.0047647 -0.0041169 0.0020989 0.0031774 -0.003804 0.0020375 0.0032244 0.0021077 -0.0020323 0.0045974 0.0022965 -0.0062227 -0.0042211 0.0012913
0.0065964 0.0094395 -0.0036315 0.0027172 0.0059687 0.003071 0.0054302 0.0033848 0.0081768 -0.0021699 0.0041709 0.0024258 0.0041685 0.0029335 -0.0053582
-0.00053465 -0.00057448 0.001463 -0.002171 -0.0018706 -0.0037927 -0.0019003 0.0050782 -0.0029453 -0.0067044 -0.0016708 -0.0043027 0.00022558 -0.001267 0.002388
0.002466 -0.00092161 -0.0055989 0.0005327 0.0038578 0.0079684 0.0018508 0.00036869 -0.0026165 -0.0037901 0.00096649 0.0011357 -0.0026991 -0.0031191 -0.0016408
-0.0020739 0.0021875 0.0016619 0.0068826 0.0015085 -0.0036011 0.0028479 -0.0019987 -0.00031734 0.0051125 0.0072118 0.0041601 0.012306 0.016083 0.0083163
-0.0015157 -0.008382 0.00090744 -0.0019119 -0.007103 -0.0020561 -0.0074605 0.0016032 -0.0062158 0.00047283 -0.012299 -0.006441 0.0029049 0.002717 0.0055154
-0.0028157 -0.017042 -0.00040151 -0.0073711 -0.01155 -0.0074014 -0.011161 -0.0076149 -0.0094461 -0.0055409 -0.015738 -0.0065423 0.0095627 0.011442 0.0054748
-0.0031053 -0.00060069 -0.0020641 0.0014198 0.00017191 0.0027372 0.00082251 -0.0011633 0.0032199 0.010475 0.0022658 0.0007512 0.005741 0.0070628 -0.0049379
0.0021655 0.00042061 -0.00086096 0.0039229 0.0061519 0.0017779 0.0055338 -0.0022531 0.0036009 -0.0088787 0.008762 0.0042442 0.0016451 0.0049608 -0.0012251
-0.00059382 -0.0091126 -0.003032 -0.0070771 -0.0067298 -0.0085565 -0.008376 0.0036762 -0.0077891 -0.0026367 -0.0093382 -0.0050416 0.0024933 0.0023602 -0.007422
-0.0045895 0.00075318 -0.0036205 -0.00019087 -0.0012944 -0.0070657 -0.0020405 -0.002612 0.00071972 -0.00067447 0.00010897 -0.0011559 -0.0095409 -0.011486 0.00031834
0.0014118 0.0038331 0.002886 0.00049338 0.0021365 0.0016266 0.0017155 0.0075435 0.00030447 -0.0060167 0.005987 0.0025698 -0.0070355 -0.0069657 0.0056636
-0.0039966 0.00011461 -0.00038438 -0.0031888 0.00081711 0.00013529 0.00092563 -0.0035326 -0.00363 2.1818e-05 0.00079151 0.0053616 -0.0017296 0.0033402 0.0067285
-0.0086756 -0.013715 0.00088541 -0.0090863 -0.010956 -0.0046082 -0.011895 -0.0045538 -0.0082335 -0.0035916 -0.013125 -0.0025502 0.0039085 0.00042127 0.0031104
0.0036195 0.0052637 0.0027077 0.0038392 0.00264 0.0016651 0.00086445 0.0025375 0.0034198 -0.00085614 0.0010404 -0.0023437 -0.00030009 0.00056841 -0.0014735
-0.0022297 -0.00072405 -0.0003464 -0.003086 0.00074086 0.0024658 0.0014889 -0.0023023 -0.0052 0.002442 0.0012829 -0.0031279 -0.00056036 -0.0056031 0.0048346
-0.0043764 -0.005792 0.0048033 -0.0066645 -0.007503 -0.0086866 -0.0060012 -0.00075979 -0.0074945 -0.0075525 -0.0048735 0.0031952 0.01028 0.0093205 -0.00095244
-0.00088729 0.0019884 -0.0019487 -0.0012874 -0.00046489 0.0053761 0.0019413 0.00050836 -0.00071575 0.0023358 -0.00027193 0.0057687 0.0069589 0.0053839 -0.0029879
0.0059809 0.0040048 0.00035104 -0.0021815 0.0011455 0.0044231 0.00072175 -0.001701 -0.00051514 -0.005756 0.00058436 0.0019592 0.0086339 0.010857 -0.0024176
0.007289 0.0073725 -0.00070926 0.0065517 0.0057869 0.0094789 0.0064489 0.0039684 0.0016524 0.010017 0.0097173 -0.0024597 0.0029545 0.0066898 0.0028481
0.0061587 0.010634 -0.0044711 0.00073319 0.0093736 0.0090222 0.00909 0.00015867 -0.0020634 0.0013614 0.007683 -2.3542e-05 -0.0013118 0.0002716 0.0016759
-0.0060009 0.0092191 -0.0015083 0.010723 0.007245 0.0022436 0.0070892 -0.0023044 0.0041255 0.00094471 0.0040477 -0.0016537 0.001618 0.0015009 -0.00074761
-0.0005218 0.001082 -0.0015911 -0.0011154 0.0011333 -0.001516 0.0011446 -0.0033927 -0.00073645 0.0026798 -0.00094174 0.00020235 -0.0014847 -0.0019761 -0.0015993
-0.0092669 -0.0029669 0.0044828 -0.00075239 -0.0031576 -0.0058908 -0.0028643 -0.0038344 -0.0026495 0.00022433 -0.00073941 -0.010003 0.003677 0.0019633 0.0042118
-0.010812 -0.0038601 0.00091549 -0.0038712 -0.0043775 -0.011564 -0.0055229 -0.0056544 -0.0016193 -0.0043865 -0.0033271 -0.001948 -0.011711 -0.015242 -0.0029084
0.00046083 -0.0014637 -0.00052357 -0.002827 -0.0021648 -0.0094221 -0.0017625 -0.0042551 -0.0034971 -0.0017732 -0.0023701 -0.0011631 0.010928 0.017161 0.0027941
0.00040952 -0.0056268 -0.00029388 -0.0072111 -0.0069281 -0.0081339 -0.0054167 0.0028497 -0.0041698 -0.0046696 -0.0082163 -0.00061195 0.014063 0.017767 0.0038506
0.0030303 0.0045625 0.0019729 0.0060555 0.0050224 0.0025647 0.0053233 0.0040526 0.007609 -0.00022676 0.0082974 0.0032073 -0.0021122 -0.0012199 0.0041575
-0.0025435 -0.011137 0.0018529 -0.005461 -0.007834 0.00192 -0.0083096 0.0021819 -0.0077635 -0.0071798 -0.0077333 -0.008522 -0.0081767 -0.011348 -0.0066394
0.0024913 -0.0014374 -0.0033795 -0.0028494 -0.0036607 -0.0031711 -0.0055892 -0.0015183 -0.0058494 0.00093413 -0.0035924 -0.0010303 -0.00063775 -0.0072322 0.00012513
-0.0039086 -0.0027011 -0.00041233 -0.0048633 -0.0025186 -0.0010681 -0.0030598 0.0020008 0.0018354 -0.0077393 -0.0046223 -0.005355 0.0047206 0.0069214 -0.0023071
-0.0024942 -0.0058546 0.0036454 -0.0046994 -0.0058089 -0.011322 -0.0056751 0.0085288 -0.0025865 -0.0084251 -0.0073907 -0.0081173 0.00093409 -0.0030258 0.0032078
0.0050926 0.012051 0.0016988 0.0050916 0.0087093 0.011824 0.0080837 0.0018779 0.0075144 -0.0040413 0.0077244 0.0065775 -3.9804e-05 0.0012384 0.006085
0.00215 -0.005115 0.0029988 -0.0038367 -0.0062538 0.0062196 -0.0058022 -0.0023984 -0.0008335 0.0056588 -0.005109 0.0014564 0.00066174 0.00040934 0.0038845
-0.00086868 0.00035098 -0.0015302 -0.0015172 -0.00099491 -0.0070698 -0.00079529 0.00013484 -0.00060973 -0.010693 -0.0032656 -0.00034365 0.0023212 0.0032396 -0.00016629
-0.0071512 0.00089479 -0.00048114 0.0017511 0.0024854 0.0013893 0.0025785 -0.0032147 -0.00019735 -0.00079155 0.00079996 0.00013919 0.0077661 0.0079496 -0.002237
0.0032242 0.00095838 0.0041215 -0.0045112 -0.0044896 -0.0074042 -0.0021129 0.0024684 -0.0026153 -0.0020987 -0.0055004 0.0015328 0.00011502 0.002145 0.0031326
-0.0010315 -0.0010215 0.00054577 -0.0029056 -0.00252 -0.0025049 -0.0033594 0.0029505 -0.0050634 -0.0039265 -0.0062674 0.00057284 -0.0042777 -0.0093932 0.0036271
0.0064311 0.00611 -0.00073733 0.0015587 0.0021467 0.0084488 0.0037129 -0.00032212 0.0049895 0.0010335 0.0027139 -0.00022205 0.0018036 -0.0022855 -0.0070163
0.0089905 0.001384 0.0070527 -0.00044296 -2.9219e-05 0.0049346 2.643e-05 0.00077825 0.0047147 -0.0046497 0.0015988 0.00076965 0.0046745 0.0077187 -0.0037016
0.0023773 0.007807 -0.0043445 0.0062664 0.0071851 -0.00061301 0.0069626 -7.1785e-05 0.0013885 -0.0055497 0.006357 0.0023632 -0.010836 -0.0099736 -0.0026781
-0.0092057 -0.001154 0.0044241 -0.0013015 -0.001531 -0.001409 -0.0013625 0.00041268 -0.00040774 0.0026554 -0.00075849 -0.0011881 0.001761 -0.00028621 -0.0042109
-5.824e-05 0.0024944 -0.0029457 0.0040824 0.0038014 0.017493 0.0043663 -0.0045515 0.0034787 0.0039756 0.0048572 0.0029847 -0.0037586 -0.0044832 0.0018708
0.0053127 0.0065744 -0.0085982 0.0058891 0.0087823 0.0068008 0.0092641 0.0038703 0.0080975 0.0072725 0.01302 0.00010134 -0.0062267 -0.0058309 -0.0043482
-0.0027062 0.0042885 -0.00068865 0.0055221 0.0020552 0.004668 0.0011742 -0.005715 0.0045339 0.0019012 0.00023653 -0.00020598 -0.0036624 -0.0066166 0.0011088
-0.0066443 0.00081858 -0.0057693 0.0024623 0.0029693 0.0062356 0.0021969 0.00033724 -0.0023584 0.0056274 -0.00092012 -0.00067401 -0.0046105 -0.0074587 0.00067726
-0.0015024 0.0065508 -0.001454 0.0068653 0.0056277 0.0051542 0.0062844 0.0031462 0.0066227 0.0014417 0.0042644 -0.00038184 0.0020853 6.8511e-05 0.0012998
0.0049379 0.0027727 -6.1709e-05 0.002918 0.0052874 0.011645 0.0041594 0.0019565 0.0034738 -2.2589e-05 0.011814 0.0073274 -0.00535 -0.0044627 0.0031233
0.0033895 -0.011403 0.006304 -0.011951 -0.009685 -0.014115 -0.0099704 0.0045335 -0.0056255 -0.0054824 -0.015474 -0.0054795 -0.0050487 -0.010174 -0.0040205
0.0026242 0.0044728 -0.0019722 0.0031599 0.0048235 0.0048472 0.0050013 0.0076162 -0.0046415 0.0037163 0.0073271 0.0034359 -0.0036519 -0.0022281 0.00076659
0.003786 0.007615 0.0023221 0.004226 0.0079925 0.0074037 0.0065643 0.00036826 0.0019234 -0.0056544 0.0077757 0.0010263 0.0045316 0.006299 0.0039377
0.0012678 -0.00076258 -0.00012327 0.00038358 0.002272 0.0057732 0.00071063 0.00073075 -0.0010633 0.0029467 0.0016163 0.0041542 -0.0011276 -0.0049586 0.0062236
0.0019663 0.0044136 -0.0027366 0.0053233 0.00049825 0.0069018 0.0013911 -0.0049623 8.8876e-05 0.0038927 0.0031665 -0.0018033 -0.0028485 -3.7942e-06 -0.0020605
0.00014592 0.0056813 0.001499 0.0036249 0.00088719 -0.0074243 0.001858 -0.0025048 0.0052329 -0.0049288 0.0021376 0.003689 0.0023881 0.00039551 -0.0015488
0.0019711 -0.010834 -5.0433e-05 -0.00943 -0.0075718 0.002549 -0.0074097 -0.0017196 -0.0063366 -0.0050828 -0.011301 -0.0027199 0.0006901 -0.0019465 -0.0030469
-0.0012393 0.004371 -0.004261 0.0014565 0.0022178 0.0070482 0.0040917 0.0043691 0.004628 0.0014369 0.0037093 -0.0035703 -0.0026294 -0.0032236 0.0010188
-0.0044968 -0.0056485 0.0025928 -0.0070894 -0.0081228 -0.0050351 -0.0065422 -0.0046003 -0.0023424 -0.0069977 -0.010453 -0.0057 0.0079158 0.011655 -0.0093902
-0.0016099 0.0035769 -0.0049793 0.0021301 0.0024147 0.0046172 0.0018262 -0.00025654 0.00014665 -0.0050609 0.0018278 -0.0011731 -0.0018325 -0.0029494 -0.0070856
0.0048808 0.010395 -0.0022304 0.004611 0.0077537 0.0041249 0.0079707 -0.0047577 0.0099104 0.0023815 0.010534 0.010833 -0.012981 -0.017484 0.00078583
0.0023543 -0.0034172 0.0014267 -0.0055419 -0.0049037 -0.0055907 -0.0040532 -0.00098795 -0.0058829 -0.0061372 -0.0053023 -0.0045094 0.010081 0.01357 0.0014302
-0.00067521 0.0020915 0.0033919 -0.005319 0.00038424 -0.0021514 0.00010904 0.0028253 -0.00022411 -0.010096 -0.0048177 0.00020392 -0.0057246 -0.010907 -0.0016019
-0.0017735 -0.0085886 -0.0015685 -0.0042271 -0.009702 -0.00044952 -0.0086386 -0.0011994 -0.0037488 -0.0055152 -0.013006 -0.0032674 0.005668 0.0099734 -0.00057295
0.0027334 0.014416 0.0037629 0.0072695 0.014252 0.010212 0.013367 0.0023061 0.0062415 0.0078862 0.018104 0.0013266 -0.019044 -0.021648 -0.0045004
0.0040502 0.012046 -0.0049037 0.010703 0.011838 0.0065579 0.013353 -0.00095645 0.011612 0.010844 0.01061 0.015215 0.0085261 0.012861 -0.0034218
-0.0011492 -0.0099465 -0.0017727 -0.0082682 -0.0072492 0.0035072 -0.0063809 -0.0017621 -0.01298 -0.0015662 -0.0094028 -0.010665 0.0028168 0.0048236 0.0038207
-0.0011876 -0.0032033 5.4683e-07 -0.0024372 -0.0022442 0.0069629 -0.0021464 0.0019187 0.0044056 -0.0033179 -0.0013255 0.0010056 -0.0053384 -0.012655 -0.010611
-0.0015445 -0.004647 -0.00030701 -0.0066957 -0.0050256 -0.0031862 -0.0058312 0.0022876 -0.0093134 -0.0069059 -0.0073838 -0.0082246 0.0077536 0.013019 0.0010524
-0.0062638 0.0033412 -0.0077067 0.0012893 0.0095654 0.0089891 0.0074548 0.0010306 -0.00042017 0.0051215 0.0092021 0.0060123 0.0063429 0.0081762 -0.0013348
0.0011412 -0.0011096 -3.1241e-05 0.0012913 -0.0014312 -0.0051123 -0.0012944 -0.0021033 -0.0040915 0.00513 -0.0014762 -0.005932 -0.0024811 -0.0033459 -0.010411
-0.006055 -0.014119 0.0056463 -0.0097048 -0.0097638 -0.005344 -0.0099368 -0.0036942 -0.007144 -0.0099737 -0.014279 -0.0080406 0.0012476 -0.0028972 -0.0061894
0.0008821 0.01058 -0.00085916 0.0052704 0.0074136 0.0064731 0.0094839 -0.00023038 0.0080191 0.0010977 0.007841 0.004679 0.0066129 0.0038956 -0.0048652
-0.00085517 0.003098 -0.0031302 0.00042335 0.0032411 -0.0046693 0.003887 0.002593 -0.0010845 0.0030421 0.0067253 0.0025004 0.0054042 0.0068349 7.3897e-05
-0.00032471 -0.0071022 -0.00082745 -0.0042687 -0.0032219 -0.0061274 -0.0025108 -0.0027204 -0.0017434 -0.0078944 -0.0064497 -0.0035594 0.0013984 0.0062767 0.00049064
-0.0018347 0.0032302 -0.0039169 0.0020942 0.0038856 0.001411 0.0035727 -1.0045e-05 0.0028629 0.0080225 0.0091197 0.0050909 -0.0085906 -0.0094727 -0.0025292
-0.0046572 0.0039508 0.00068152 0.0016464 0.0016742 -0.0032038 0.00021628 -0.0068382 -0.0019267 -0.00063203 0.0017339 0.00069251 -0.0078016 -0.0076945 0.001904
0.0064888 -0.0022426 0.00033916 -0.0026729 -0.00085943 0.0048178 -0.00060605 0.011206 -0.0023624 0.00076824 -0.0052939 -0.0034404 -0.011872 -0.014587 -0.0058704
-0.0030001 -0.0070151 0.00083153 -0.0017868 -0.0010002 0.001016 -0.0021873 -0.00018251 -0.0053475 -0.0042917 -0.0049463 -0.0089474 -0.0004105 0.0011534 0.00091948
-3.6236e-05 0.00013415 -0.0015859 0.005459 0.0026253 -0.0051629 0.0022249 -0.0020147 0.0021142 0.00094861 0.0013497 -0.0048674 -0.0028262 -0.0072059 -0.00042719
0.0040487 0.017615 -0.0016996 0.012031 0.016406 0.015409 0.01771 3.992e-05 0.010005 0.001844 0.018907 0.005621 0.0051076 0.0063321 -0.0081788
0.0081506 0.0063433 -0.0054991 0.0036375 0.0059044 0.0006617 0.0057372 0.0032884 0.0063992 -0.0052236 0.0039602 0.0010046 0.0010737 0.0045938 0.0086363
0.0033066 0.0064403 -0.0015639 0.0038677 0.0034479 0.0056615 0.0050177 0.0051667 0.0026801 0.002551 0.0068608 0.00074334 0.0014437 0.0026131 0.0023251
-0.0027474 0.0089417 0.0011566 -0.0013714 0.00082982 -0.00082164 -0.00028571 0.004489 0.0024338 0.0017607 -0.0027861 -0.00042482 0.010668 0.01465 0.0035349
0.0026911 0.00015355 -0.0031457 0.0064338 0.0010565 0.0037739 0.0017813 0.0076592 0.0020732 0.0097374 0.0020634 0.0015269 0.0047455 0.0033991 0.0027349
0.0078524 0.0022815 0.0068071 -0.0010923 0.0053844 0.0035743 0.004915 -0.0009569 -0.0062562 -0.0013127 0.0074623 0.0050329 -0.01053 -0.017417 -0.0019476
0.0002006 0.017137 -0.0039118 0.011294 0.015827 0.0098652 0.014874 -0.0057395 0.012639 0.0062388 0.022195 0.0072475 0.0063422 0.012677 0.0026852
7.9659e-05 -0.011375 0.0054853 -0.0056076 -0.010201 -0.0051973 -0.0082138 0.001468 -0.0042716 0.0033419 -0.010834 -0.0082359 -0.0034978 -0.0023663 -0.0040671
0.0061181 0.0030256 -0.00024305 0.0030619 0.002886 -0.00061921 0.0033438 0.0060158 0.0072655 -0.0025118 0.0050557 -0.00026207 0.0081386 0.0098546 0.00097549
0.0076413 -0.013096 0.0025941 -0.010985 -0.014858 -0.0083306 -0.014945 0.0012105 -0.0074374 -0.0064736 -0.019297 -0.0027996 -0.0051218 -0.0068123 0.0022003
-0.0035802 -0.00081286 0.0019224 -0.00038079 0.004424 -0.0040357 0.0043745 0.0015352 -0.003393 -0.0025814 0.0046155 0.00012993 -0.00048402 -0.0044066 0.0075941
-0.0020918 0.00022884 0.00077552 0.0025245 0.0023194 0.003095 0.00092285 0.0026202 0.005825 -0.0056704 -0.001846 -0.00029891 0.00051214 -0.0014504 -0.0025185
-0.00012581 -0.0088245 0.0036187 -0.0055756 -0.0069271 0.0027528 -0.0077068 0.0053887 -0.0015558 -0.0032773 -0.008038 0.0017725 0.0020581 0.0036494 0.0017786
-0.00032458 0.0092325 0.0010992 0.010158 0.0083345 0.01006 0.0094343 0.00036694 0.010933 0.00664 0.0088001 0.0027255 -0.0045644 -0.0046378 -0.0022604
-0.0093833 -0.006678 0.0053014 -0.005787 -0.0012119 -0.010426 -0.0028042 -0.00069568 -0.00020187 -0.0051902 -0.0053283 0.0012067 0.00025731 0.0021462 0.0054896
0.00136 0.0079106 0.0007272 0.0010755 0.0029367 0.0054414 0.0016848 -0.0022543 -0.0050713 -0.0015816 0.003188 0.0014163 -0.0036716 -0.011968 0.0069181
-0.001817 0.0097198 -0.0055007 0.0089399 0.010679 0.0060917 0.01277 0.005969 0.0087501 0.0033868 0.015041 0.0073192 -0.0037097 -0.0051155 0.0067666
0.0044927 0.0030925 -0.0028631 0.00095912 0.0040529 0.0049036 0.0037584 0.0036998 -0.0045197 0.0063828 0.0052154 -0.00010735 0.0038323 0.0062015 0.0045474
0.0041679 0.0095687 -0.0024234 0.0042001 0.0055424 0.0032855 0.0070661 -0.0042194 0.0033438 0.0028048 0.0094952 0.00088199 -0.00065572 -0.00047745 0.00027896
0.0016576 -0.00038638 -0.001891 -0.0010327 -0.0004103 0.0068361 3.5374e-05 0.00070632 0.00032386 0.0015006 0.0041008 0.0022726 0.0094981 0.012235 0.0035837
0.0025909 0.013127 -0.0049719 0.0060267 0.010336 0.013042 0.010723 -0.0002413 0.010423 -0.0011254 0.014078 0.012409 0.00249 0.00089109 0.010847
-0.003749 0.0011944 0.0021065 0.0037561 0.0020201 0.0051692 0.00057142 -0.00092158 -0.00056644 -0.0051791 0.0047807 0.0056002 0.0014851 -0.00090078 0.010773
-0.0017935 0.0060889 -0.0014505 0.0074075 0.0073278 0.0034396 0.0073601 -0.001078 0.0090638 0.0057522 0.0097764 0.0020717 -0.0053573 -0.0048559 0.0065574
-0.0036146 -0.0097888 0.0065792 -0.0064762 -0.010179 -0.014602 -0.0090582 0.004398 0.00047673 -0.00071918 -0.012388 0.0027845 0.0079435 0.0052888 -6.4373e-05
0.011008 -0.0024154 0.0010874 -0.00233 0.00043483 -0.0034549 -5.8048e-05 0.00065655 -0.0022385 0.0037781 0.00044394 0.001249 -0.0059004 -0.010743 0.0016143
0.0021311 0.0027248 -0.0057499 0.0042446 0.004622 0.01021 0.0047033 0.0010686 0.00053276 -0.002353 0.0055854 0.0067031 0.011333 0.0104 0.0017273
-0.00010173 0.00076094 0.0021394 -0.0025749 -0.0033139 -0.00093502 -0.0026002 -0.00078613 -0.0013589 0.0027704 -0.0049776 -0.0021984 0.0045136 0.0061841 0.0069085
-0.00019733 -0.00025131 -0.0010231 -0.0015604 0.0011138 -0.0063659 0.00039828 -0.0088066 0.0015564 0.0015146 0.0023304 -0.0019405 -0.00042645 -0.00031391 -0.0078815
-0.007945 -0.0063444 0.0049571 0.0012794 -0.0025328 -0.010959 -0.002616 -0.00085194 -0.0013553 0.0016835 -0.0072572 -0.0083071 0.0051504 0.0056378 -0.0072774
-0.0014181 -0.0059316 0.0029949 -0.0040735 -0.004456 -0.0010427 -0.0055425 7.7267e-05 -0.0037793 0.0015172 -0.0014606 -0.00015996 -0.00059861 -0.00064567 -0.0027377
-0.0077219 0.0017608 -0.0015174 0.0021092 0.0020609 -0.00092562 0.0022342 0.00017677 0.0017241 0.0014043 0.00010038 0.0034833 0.0075391 0.0027733 -0.0093054
0.0017223 -0.0057283 -0.0024367 0.0041558 -0.0019037 -0.0076244 -0.0017253 -0.0019516 -0.0029059 -0.003455 -0.0027343 0.00082358 -0.0093854 -0.011535 -5.629e-05
-0.0015426 0.0066523 0.00062776 0.011928 0.0064431 0.0066678 0.0077167 -0.0026338 0.0088143 0.012556 0.01185 0.0076384 -0.0014095 -0.00097187 -0.0023238
-0.00069295 -0.0008427 0.0029437 0.00032439 -0.00063705 -0.0024489 -0.00084969 -0.0041046 0.0023236 0.0050121 -0.0031534 0.0052125 -0.0031069 -0.0033244 0.0015792
-0.0010984 -0.0012623 -0.0030394 -0.00048923 0.00081993 0.010269 0.00075296 0.0050887 -0.0020006 -0.005668 -0.000482 -0.0027808 0.0039085 0.0014394 -0.0005491
-0.0049189 -0.020512 0.0043786 -0.015344 -0.015276 -0.014453 -0.015127 0.0026101 -0.005503 -0.010267 -0.022769 -0.0051269 -0.0025438 -0.0040113 0.00215
0.0019794 0.0031127 0.0025188 0.0039833 0.0007335 0.0031854 0.00076449 -0.0027978 0.0031472 0.0021266 0.00044854 0.0028625 0.004286 0.0064914 -0.0022749
-0.005897 -0.0055616 -0.00055696 -0.0031917 -0.0027009 0.0087984 -0.0029129 -0.0018832 -0.0039053 -0.004912 -0.0021323 -0.0023992 0.0033924 0.0062389 -0.0055788
0.0038729 -0.0048777 -0.0012636 -0.0047416 -0.0050221 -0.012101 -0.0044716 -0.00081885 -0.00010599 0.0061012 -0.0056704 -0.0023235 0.0036209 0.0015685 0.00027238
5.494e-05 -0.0011777 -0.0017141 -0.0032322 -0.002073 0.0020265 -0.0022917 -0.0047157 -0.00030758 0.0031507 -0.0050307 -0.01053 0.0062671 0.007748 -0.0083262
-0.0027369 0.0076957 -0.0029583 0.0041816 0.0059019 0.0045581 0.0056137 -0.004839 0.0058873 0.0045531 0.0088959 0.011375 0.00069286 0.0009007 0.0043279
-2.346e-05 0.0099662 0.0031479 0.0080611 0.010495 0.010486 0.010655 -0.0026424 0.0058924 -0.0015035 0.017258 0.0054861 -0.0046048 -0.007985 0.0039889
0.0019992 0.0067114 0.0017984 0.003588 0.0077761 0.0068295 0.0082258 -0.0054449 0.0036251 -0.00091063 0.0076422 -0.0036237 -0.011382 -0.013859 -0.00038453
-0.0053066 -0.0064523 0.0038291 -0.00497 -0.0061029 -0.0001799 -0.0047915 -0.0051058 0.0018712 -0.0022343 -0.0078311 0.0030374 0.0041896 0.0042045 -0.0011777
-0.002874 -0.007011 0.0032681 -0.0046963 -0.011717 -0.0094884 -0.010402 0.001997 -0.0037346 -0.0043646 -0.012401 -0.0064744 0.0036386 -0.00040763 0.0023283
0.0071415 0.006686 0.00032275 0.0019253 0.002902 0.0094385 0.002983 -0.0039819 -0.00015845 0.0051396 0.0045457 0.0038941 0.0037549 0.0092494 0.0031852
-0.010314 0.0075953 0.0026061 0.002754 0.0030265 0.0080531 0.0031901 -0.0043769 0.0074022 0.0016755 0.0078804 -0.00039766 -0.0035252 -6.1196e-05 -0.002876
-0.0063447 -0.0066836 0.0016673 -0.003336 -0.004604 -0.0069907 -0.0057662 0.0023602 0.0040493 0.0077375 -0.0013973 -0.001688 0.0031614 0.0035214 -8.4259e-06
-0.0019297 -0.0017846 0.0030856 -0.00019618 -0.0040907 -0.0014199 -0.0012397 -0.00066904 0.0013798 -0.0094944 -0.0054979 -0.0030847 0.0012188 0.003652 -0.0070993
-0.0014361 -0.0052811 -0.0011353 -0.0020577 -0.00033636 0.0017005 -0.00037159 0.0034167 0.00045597 -0.0069892 -0.0011473 -0.000226 0.01514 0.020476 0.00033981
0.0016135 -0.014223 -0.0040081 -0.0090659 -0.0078093 -0.0039484 -0.0088428 0.00060567 -0.0019145 0.0012832 -0.011407 -0.0044471 0.00052237 0.0016931 -0.005455
-0.012203 -0.0063546 0.0073846 -0.0066686 -0.0044103 0.0022803 -0.0041173 -0.003708 -0.0049767 -0.0073347 -0.0082411 -0.0026012 0.005456 0.011663 -0.0026512
0.002615 0.011343 0.0039649 0.0043692 0.0036743 0.0024008 0.0050386 -0.00049835 0.0077682 -0.0050506 0.0073634 0.0069659 0.0030968 0.006821 0.0026499
0.0020272 -0.009603 -0.0008807 -0.0096098 -0.012086 -0.009031 -0.012048 -0.00015801 -0.0043574 -0.00419 -0.015068 -0.0032249 -0.0032838 -0.0065493 -0.00021334
-0.0022258 0.011044 -0.0026161 0.0042504 0.007059 0.014613 0.0089399 -0.0043927 0.0049796 0.002492 0.014899 0.0060218 0.012521 0.014812 -0.0012164
0.0064427 0.00083033 -0.0012018 -0.0013358 -0.00059504 -0.0026562 0.00072544 -0.0010238 0.00039855 -0.0010979 -0.0071797 0.0023037 0.0055601 0.0057119 -0.011682
-0.0043202 0.0030186 0.0016155 -5.7582e-05 0.003407 0.00078949 0.0031353 -0.0060256 0.0055257 -0.00030595 -0.0011589 -0.008859 0.0016498 0.0022827 0.0014822
-0.0019917 -0.00038235 -0.00049616 -8.5195e-05 0.0017134 0.0029558 0.00070312 -0.0026824 0.0040028 -0.0097376 0.00077778 0.00069032 -0.0034849 -0.007058 0.00044617
0.0021332 0.013003 -0.0036391 0.0057596 0.0092054 0.010812 0.00818 0.0027082 0.008647 0.0015243 0.010323 0.0054649 -0.0041283 -0.0051081 0.0034486
-0.0014266 -0.0082275 0.0055563 -0.0045155 -0.0043697 -0.00081948 -0.0056442 0.0054787 -0.0044394 -0.0050524 -0.0080419 -0.0038462 0.0039617 0.0057223 -0.0027204
-0.0018451 0.0075208 -0.0032834 0.0039024 0.0094335 -0.0015576 0.0090827 -0.003016 0.0039038 0.0070002 0.011569 0.0080818 -0.0060111 -0.0043187 -0.001809
-0.0026912 0.012404 -0.0048866 0.0068795 0.0097907 0.0092839 0.010312 0.0015882 0.0072642 0.0010512 0.011059 0.0028729 -0.010801 -0.013161 0.00097172
0.0096932 0.0060905 0.0011379 0.00080406 0.0019088 -0.0081509 0.002972 0.00083657 0.00044728 0.00029122 0.0030001 0.0047038 -0.0010185 -0.00016005 0.0038415
0.00028579 -0.012159 0.0041607 -0.0076984 -0.01024 -0.012571 -0.0096309 -0.0056288 -0.0063358 0.00074422 -0.013258 -0.01067 -0.0024652 -0.005689 0.0078389
-0.0032079 -0.0022313 0.0020249 -0.0011936 -0.0029118 0.00414 -0.0027596 0.001054 -0.0011693 -0.0061839 -0.0057497 -0.001834 -0.0092193 -0.0094697 0.001617
0.0027053 0.0010945 0.0028116 -0.0014286 0.00040008 0.0067674 0.00048548 0.0030886 -0.002553 -0.00060864 -0.0027668 -0.0045218 -0.00139 -0.005787 -0.0075742
-0.00048404 -0.0022296 -0.003429 0.0010816 -0.00082778 0.0039477 0.0022145 0.0019532 0.0040608 -0.0033662 0.0028686 -0.00075007 0.0026642 0.0054089 -0.0010592
-0.00057063 0.0070916 0.0036355 0.0065422 0.0051852 0.0027374 0.0047908 -0.0029279 0.0092676 0.0070547 0.0058225 0.0079075 0.0039411 0.010203 -0.0057645
0.00522 -0.0072401 -0.00033551 -0.00094461 -0.0031124 0.0014539 -0.0041287 0.0078305 -0.002474 0.011438 -0.0047378 -0.0066602 -0.0038359 -0.0037035 0.0056771
-0.0026394 0.015358 -0.0027567 0.011525 0.011733 0.01743 0.011413 0.0011993 0.011076 0.0069005 0.018784 0.0044652 0.021456 0.024915 0.0053785
0.0013729 -0.0031519 -0.00037488 0.00032034 -0.0018408 0.0096951 -0.0013136 -0.0017846 -0.00080053 0.0022862 -0.0010543 0.00246 -0.00086175 0.0005215 0.0070386
-0.0001378 0.0022087 0.0051612 -0.0010589 0.00041809 0.0086976 -0.000221 -0.0039118 -0.0045881 -0.0041074 0.00056486 -0.007325 -0.011546 -0.01771 -0.0010499
0.0053498 0.00089192 -0.0017063 0.00068675 0.0056416 0.0050398 0.0050589 0.0023578 -0.0046094 -0.0095596 0.0015435 0.004332 -0.0022934 -0.0043186 -0.00099266
0.00080544 0.0065158 -0.0046046 0.004829 0.0076083 0.00030501 0.0055333 0.00086727 0.0039096 0.013477 0.0082154 0.0029857 -0.0032487 -0.00095788 0.00049415
0.0075534 0.0048256 0.0020812 0.0024967 0.0036438 0.00059889 0.0031671 -0.0044482 -0.0019731 0.0027636 0.0038239 -0.001107 0.0085819 0.012479 -0.0019132
0.0043344 -0.0071761 0.0069759 -0.0050101 -0.0050491 -0.0013927 -0.00593 0.0050395 -0.0021626 -0.0055676 -0.0063408 -0.0057982 -0.0019378 -0.0061097 -0.0027665
-0.00095825 0.0074522 -0.0017959 0.002441 0.0047528 -0.0023126 0.0042703 0.0049044 0.0032894 -0.0028163 0.0044795 -0.00082319 -0.0044366 -0.0058919 -0.00201
0.00062823 0.011319 -0.0028452 0.0061949 0.010344 0.012486 0.010934 2.0634e-05 0.0018923 0.0058387 0.012701 0.0045576 -0.0029758 -0.0024818 -0.0012091
-0.0025475 -0.010558 -0.001066 -0.0014274 -0.00099683 -0.0067973 -0.0022647 -0.00043272 -0.0051023 0.0080315 -0.00031504 -0.0032804 -0.0078395 -0.0092237 0.0002962
-0.0061205 0.0034864 -0.00042247 0.0056364 0.0039439 0.0060663 0.0035515 -0.0018131 0.0069762 0.0083255 0.0053359 0.010239 -0.0005392 0.0025057 0.0011046
-0.0014809 0.012734 -0.0014491 0.0070544 0.009055 0.0091677 0.009486 -0.00047383 0.0057676 -0.0013972 0.011117 -0.0011503 -0.0009959 -0.00097786 0.0015014
0.0040991 -0.0074238 -0.0021007 0.001434 0.0033013 0.0067933 0.0016567 0.0030984 -0.0012803 -0.0080608 0.0033583 0.00074903 0.0028541 0.0036687 -0.015623
-0.0050472 -0.011446 -0.00015268 -0.012108 -0.011894 -0.014675 -0.011648 -0.0034158 -0.0062902 -0.011711 -0.0202 -0.010554 0.0038478 0.0074592 -0.002729
0.0069499 0.00060046 0.00019227 -0.00028666 -0.00094805 0.00079104 -0.00020437 0.0012762 -0.0080337 0.010426 -0.0015881 0.0054916 0.0063895 0.0011448 -2.3316e-05
0.0011196 0.0058385 0.00061298 0.0050585 0.0057205 0.0068083 0.0073236 0.0018647 0.0031849 0.0021443 0.0095209 0.0031517 -0.004984 -0.0085666 0.0013308
0.0043597 0.010158 0.00069045 0.0041268 0.0082624 0.0012196 0.0081095 -0.0035404 0.0084487 0.0028245 0.011244 0.0049844 0.0019103 -0.00034212 -0.0058208
-0.0046037 0.011789 -0.0010395 0.0062234 0.0074593 0.00063052 0.0090263 0.0017653 0.0072355 0.0040172 0.012384 0.0076537 0.0091903 0.0086329 -0.0028478
0.0053709 0.0088634 0.0014514 0.0056696 0.0072524 0.0041987 0.0073837 0.0059347 0.0056854 0.0032042 0.0097861 -0.0013514 0.012842 0.014179 0.0095207
-0.000115 0.0045036 -0.0021675 0.0074076 0.006311 0.0052957 0.0068255 0.0035172 0.0011534 -0.0022 0.010155 0.0038169 -0.010985 -0.010902 -0.0026769
0.0021667 0.0087225 0.0010602 0.0033609 0.0054114 0.0093177 0.0068995 0.0024337 0.0085021 0.0045689 0.008367 0.0015556 0.0018565 0.0040951 0.0047131
-4.2658e-05 -0.00071879 0.0032583 0.0027762 0.00082217 -0.0028755 0.00078117 0.00065456 0.0030319 -0.013351 0.0038059 -0.0042936 -0.0054897 -0.010484 -0.0035468
-0.0059338 0.0015991 0.0037794 -0.0020869 -0.0023111 -0.0081924 -0.0014185 -0.0056432 -0.0005687 -0.0049805 -0.0040332 -0.00073243 0.004283 0.0018628 -0.0048406
-0.0034693 -0.0061118 0.002686 -0.0057426 -0.0078289 -0.018788 -0.0082024 0.00073091 -0.0010918 0.00023627 -0.012176 -0.0068306 0.0083464 0.0036357 0.0053656
0.00059598 -0.006776 0.002691 -0.0066063 -0.0043208 0.0053911 -0.0031612 -0.00020419 -0.0074457 -0.0063442 -0.0070976 -0.005244 -0.013889 -0.015752 0.0026684
-0.00090732 -0.0062179 0.001171 -0.0055652 -0.0064272 -0.0021452 -0.0058592 -0.0044401 -0.00094699 -0.0055015 -0.010707 -0.011699 -0.0086429 -0.010363 -0.003158
-0.0082303 0.0054163 0.0036498 0.0021784 0.003698 0.0101 0.0034945 -0.0048026 0.0040235 0.00015957 0.0034527 -0.00050945 0.00080545 0.0036534 0.0021039
0.0056478 0.0095143 -0.0011274 0.0047141 0.0054258 0.0070837 0.0068007 0.0028185 0.0064464 -0.001852 0.0052591 -0.0042844 0.01041 0.01012 0.0015334
0.0054749 0.0016436 -0.0047208 -0.0032776 0.0023288 -0.0036073 0.0020584 0.0046774 0.0028411 -0.00088506 0.0024411 0.0018155 0.0010607 0.00018852 -0.0023706
-0.00069322 -0.0032011 0.00084208 -0.00050439 -0.001748 0.0032819 -0.0019885 0.004123 -0.0042928 0.00093392 -0.0046214 -0.0049924 -0.0060643 -0.0061747 -0.0014515
-0.0034977 -7.6024e-05 -9.9581e-05 -0.0012076 -0.0031785 0.0013853 -0.002563 0.0012149 0.0037384 -0.0065477 -0.0033182 -0.0049354 -0.0018056 -0.0019198 -0.0062504
-0.0058437 0.00042401 0.00020684 0.0025847 -0.0023904 0.0016171 -0.0012869 0.0032573 0.0013866 0.0020759 -0.0015404 -0.0043141 0.0029176 -9.5204e-05 -0.0038617
0.00031934 0.0045261 0.0011806 0.0031787 0.0074381 0.0133 0.0063713 0.0044212 0.0037028 0.0096103 0.010252 0.0034504 0.0027559 0.0084627 0.00015855
-0.01035 -0.015128 -5.5296e-05 -0.013116 -0.015129 -0.014303 -0.015928 -0.0080279 -0.01065 -0.0016397 -0.019953 -0.012035 0.00085467 0.0003114 0.00074076
0.0016475 -0.015683 0.0045968 -0.0090555 -0.013339 -0.0074735 -0.01312 0.0027816 -0.012021 -0.0057263 -0.016983 -0.0098963 -0.00070019 0.00079993 0.005179
0.0038956 0.0013722 -0.0034619 0.00076891 0.0023003 0.0018641 0.0022191 -0.0018088 -0.0046574 0.00016155 0.0048623 0.0013491 0.0031767 0.0036879 0.0026726
0.0057057 -0.0068628 -0.0021745 -0.0067779 -0.004037 0.00031662 -0.0052128 0.0029785 -0.0089547 -0.0030134 -0.00059829 -0.0016174 0.0041107 0.0058553 -0.0010409
-0.0048415 -0.01447 0.0015401 -0.011204 -0.014861 -0.0082293 -0.015455 -0.00022658 -0.0071582 -0.0060336 -0.017651 -0.0014706 -0.0091854 -0.012586 -0.0024125
-0.0066727 -0.0015885 0.002527 0.0046413 0.0041168 0.0090982 0.002763 0.00059799 0.0048144 0.0012028 0.0062885 -0.0034578 0.0054873 0.0022083 -0.0070584
-0.0028676 -0.0013154 0.006106 0.00070258 -0.0013377 0.003938 -0.0010277 -0.0028842 -0.0011608 -0.000104 0.00043874 0.00064543 0.0031953 0.0054847 -0.0094973
0.0044908 0.00036836 0.00094375 0.0034235 0.0029214 0.0021359 0.0044437 0.0041231 0.00025551 0.0037458 0.0044733 0.010956 -0.0048999 -0.0018309 -0.0029601
-0.0030623 -0.0042816 -0.0020222 -0.0014268 -0.0032974 -0.00089578 -0.0025647 -0.0070924 -0.0066547 0.0058785 -0.0038997 -0.0052924 -0.0024756 -0.0025704 -0.0054011
0.00025502 0.0031733 -0.0006489 0.0018455 -0.00053105 -0.0037493 -0.0010567 0.00042535 0.00083261 -0.0011445 -0.0022004 -0.0014947 -0.0057973 -0.0079035 -0.0065344
0.0008143 -0.0066879 -0.0024972 -0.0011832 -0.0052557 -0.0016414 -0.0051961 0.0075432 -0.0083669 0.0031014 -0.0037267 -0.00032502 0.00026925 8.7245e-05 0.0050464
-0.00438 -0.0061462 0.0012351 -0.0029293 -0.0082249 -0.0051821 -0.0076205 -0.0012521 -0.0030393 -0.0032053 -0.005651 0.0028025 -0.0053417 -0.0055097 0.00089475
0.003704 0.00011678 -0.0013282 0.00045485 -0.0022802 -0.0025769 -0.0034996 0.006042 -0.0010413 0.0038015 0.0016996 -0.0023445 -0.0021064 -0.0039851 -0.0013903
0.0043106 -0.012554 0.0053031 -0.0061013 -0.0089217 -0.0039263 -0.0095157 0.0060134 -0.0054744 -0.0048389 -0.011764 0.0007364 0.00042386 -4.7907e-05 0.0021698
-0.00038196 0.0025545 -0.00088153 0.0030499 0.0055798 0.0019924 0.0057238 -0.0016459 0.00068584 0.0011132 0.0060978 -1.808e-05 -0.0088744 -0.013321 0.0024772
0.0066125 -0.0073788 -8.5502e-05 -0.0021015 -0.0044381 0.0027651 -0.0052142 0.00061156 -0.0082374 -0.0041856 -0.0019856 1.2051e-05 -0.0029871 -0.002853 -0.0028087
0.0023809 -0.012305 0.0052366 -0.0075865 -0.008783 -0.01072 -0.010399 -0.0033591 -0.012446 -0.0015501 -0.014606 -0.0017299 -0.0036426 -0.0013093 -0.00024339
-0.0045779 -0.00019416 0.0044905 -0.0018518 -0.0023046 0.00033457 -0.0016181 -0.0026911 0.0010917 -0.0042984 -0.0031621 0.002539 0.0059167 0.010789 0.0027632
0.003482 -0.0039404 0.0018462 -0.00089882 -0.0027091 0.0061319 -0.0013563 -0.00018915 -0.0047216 -0.0066758 -0.0015602 -0.0035432 -0.0041189 -0.0020386 -0.0039976
0.0014532 -0.004066 -0.0027346 0.0010658 0.00088829 0.0042246 0.00060742 0.00020005 -0.00074423 0.0042016 0.00153 -0.0019472 -0.0050209 -0.0024642 0.00051468
-0.0072408 -0.005147 -8.2015e-06 -0.0018143 -0.00025178 0.0064984 -0.00084287 -0.0028462 -0.0010589 0.0022294 0.0004458 -0.00069532 -0.0044711 -0.0073439 -0.00025877
-0.0030571 -0.0084839 0.0020727 -0.0098351 -0.0090247 -0.0025343 -0.0091458 -0.0031373 -0.0083057 -0.0041926 -0.012021 -0.008324 0.0051112 0.0086066 -0.00089757
0.0034246 -0.00073441 0.0043076 -0.003723 -0.0049797 0.0010763 -0.0037553 0.0013484 0.001108 0.0055011 -0.0064213 -0.004049 0.014558 0.016281 -0.010491
0.0020915 -0.0072278 0.00048914 -0.0064027 -0.0071154 -0.0014514 -0.0065754 -0.0011209 -0.0081976 0.0070509 -0.0069168 -0.0078364 0.0036493 0.0046232 -0.001115
0.0024632 -0.0036554 0.00012094 -0.0065943 -0.0047197 -0.0047748 -0.0071857 -0.0077213 -0.0016389 -0.0065031 -0.0082074 -0.0055971 -0.00075204 -0.003362 0.0065957
0.0032578 -0.014602 0.0066534 -0.0099247 -0.011731 -0.00426 -0.011659 0.0051123 -0.010641 -0.0086438 -0.013328 -0.005192 -0.0059818 -0.0073811 -0.0075161
0.0030185 0.0024476 0.0014052 0.0046172 0.0019763 -0.00045621 0.0021394 0.0030826 0.0061076 0.0033991 0.0026166 0.0057465 -0.0025306 0.00045095 -0.0052719
-0.0010498 -0.0030608 -0.0059099 -0.0032472 -0.0025832 -0.004661 -0.0020912 -0.0019914 -0.00019203 -0.003606 -0.0060858 0.0018887 0.0024886 0.00051489 0.0011533
-0.00015461 -0.0028569 -0.0011961 -0.00017949 0.00088421 -0.0014336 0.0016518 0.0010254 0.0022218 -0.0028386 0.0021124 -0.0050549 0.013801 0.016139 0.0031871
0.005591 0.0066492 -0.004347 0.0039056 0.0049845 0.0061427 0.0053543 0.0016991 0.0095018 0.0093428 0.011432 0.00922 -0.0055882 -0.011032 -0.0033928
0.0031558 0.00020544 -0.00027736 -0.00021579 0.0026536 0.0071942 0.0022158 0.002599 0.0044708 -0.0017161 -0.0040054 0.0033672 -0.019151 -0.022648 -0.00037134
-0.0013907 -0.0050583 0.0025949 0.00013051 -0.0013708 0.0011016 -0.0017726 0.0029884 0.00040147 -0.0092962 -0.0012466 0.00092353 -0.003066 -0.0038481 -0.0029688
-0.00063437 -0.0012029 0.0011092 -0.0039504 -0.0017304 0.0010701 -0.002593 1.6277e-05 -0.0032987 0.0021032 -0.0023166 0.0012155 -0.0092949 -0.010674 -0.0053764
0.00092815 -0.0046081 0.0025931 -0.0052803 -0.0049077 -0.0032742 -0.0051849 0.0060698 0.0003184 -0.0057302 -0.011467 -0.010815 -0.005412 -0.011746 -0.0010959
0.0029027 0.0111 -0.00039776 0.004948 0.0047345 0.010719 0.0054791 0.010112 0.0049574 -0.00057407 0.0052768 0.006825 -0.0043382 -0.0044516 0.010419
0.0026717 0.002271 0.0029321 0.0035954 0.002191 0.0043084 0.0021889 0.00040894 -0.00031 0.0013938 0.0029463 0.0038057 -0.0011888 -0.0015477 0.0061659
0.0043258 -0.006603 0.0078644 -0.00025763 -0.0061024 -0.0033987 -0.0054021 0.0016467 -0.0001677 -0.0028869 -0.0052999 -0.0011538 0.0045353 0.0077985 0.0016819
0.00074869 0.011063 -0.0011313 0.0072243 0.0085939 0.014938 0.0085843 0.0010121 0.0098297 -0.0040029 0.0081259 0.0056453 0.0039962 0.0050709 0.0024621
-0.0068789 -0.0044482 -0.0019539 -0.0045805 -0.007595 -0.0044298 -0.0074244 0.00041652 -0.0082743 -0.0051239 -0.0069755 -0.002884 -0.0078669 -0.0076499 0.011707
0.0037208 0.0068463 -0.0020096 0.0099061 0.0068138 0.015298 0.0076616 0.0044704 0.0022989 0.0056769 0.0088496 0.0033256 -0.0021093 0.0010752 0.0027583
0.011748 0.011303 -0.0011562 0.0075085 0.0048816 0.010737 0.0058466 0.0026185 0.0075333 0.003093 0.0089656 -0.0038028 -0.0057776 -0.0079481 0.0055279
0.0021949 0.015009 -0.0069589 0.010998 0.012517 -0.0017729 0.012971 0.0055009 0.0066545 0.0052339 0.014298 0.0076174 0.012779 0.011727 0.0030251
-0.0029117 0.0087156 0.0041383 0.0039067 0.00048725 -0.0024262 0.0032195 -0.0020153 0.004916 0.00035485 0.0026976 -0.0021887 0.0032057 0.0057652 -0.0048835
7.9932e-06 -0.0016933 -0.0013548 0.0055141 0.0018075 -0.0020529 0.002365 -0.0025647 -0.0012456 0.0073947 0.0065268 0.0030278 -0.0014138 -0.002362 -0.003079
0.0019914 0.0056744 0.0025174 -0.0026938 -0.0033488 -0.0054362 -0.0022816 -0.0031629 -0.00072076 0.0022385 -0.0028747 -0.0025384 -0.002967 -0.0026824 0.011066
0.0048314 0.007237 -0.00041459 0.0019574 0.002098 -0.0061668 0.0014105 0.0045597 0.002802 0.0019498 0.00076625 -0.0018095 -0.0010473 -0.0019616 0.00029926
-0.00060163 -0.0016866 0.0030225 -0.001179 -0.0028251 -0.0080575 -0.001942 0.0019443 -0.0085353 0.00074393 -0.0034369 -0.0016633 0.0034215 0.0022216 -0.0016621
-0.0081633 -0.00052392 -0.0016353 0.0029183 0.0023923 -0.0043801 0.00093489 -0.00022633 -0.004552 0.0024032 0.0007522 0.0056703 -0.00060068 0.0020677 -0.0028892
-0.0029191 -0.0047287 0.0016403 -0.0084676 -0.0094196 -0.0033754 -0.0099327 -0.0012692 -0.0055685 -0.0013374 -0.014162 -0.0030047 -0.0070577 -0.01192 -0.00037638
-0.0023769 -0.0076982 0.0020818 -0.0064057 -0.0049251 -0.0055768 -0.0049141 0.0057769 -0.010871 -0.007324 -0.0033575 -0.0072625 -0.00043159 5.8338e-05 0.0037593
-0.0071889 -0.003436 -0.0015713 -0.001213 -0.0023616 0.00030687 -0.0017196 -0.0017218 -0.0038882 0.0049735 -0.0058262 -0.0018063 0.0028039 0.0043581 2.0242e-05
-0.0015646 -0.00068222 -0.0021349 9.508e-06 0.0016625 -0.0028822 0.0023042 -0.0016677 -0.0056594 -0.00048248 0.0057321 0.0079599 -0.0016308 0.00095522 -0.0039175
0.00026132 -0.0063506 0.0035928 -0.0028093 0.00050339 0.0041385 -9.4987e-05 -0.001425 -0.0039876 -0.00029862 -0.0018132 -0.004386 -0.0027408 -2.4118e-05 0.0047708
0.003897 0.0011495 0.0020323 0.0043807 0.0033544 0.0048607 0.0053529 0.0034043 -0.00023823 0.0019533 0.0059586 0.0022075 0.0021447 -0.0014125 0.0024734
-0.00091309 -0.0014327 -0.00065364 -0.0015527 -0.00093898 -0.0076873 -0.0012906 -0.0028828 0.001279 -0.0020025 -0.0013435 0.00013046 -0.0013555 -6.1876e-05 0.0050405
-0.005865 0.0010516 -0.0023608 -0.00015291 0.0012649 0.0093567 0.0015782 -0.0084379 0.0073596 -0.00079706 0.00052544 0.0031647 0.0098 0.011746 0.006264
0.0015809 -0.0070107 0.00028053 -0.0044423 -0.0036254 0.00023182 -0.0042947 0.00084465 -0.0040795 -0.0016376 -0.0052879 7.0775e-05 0.0074927 0.0082265 0.0035733
-0.0070282 0.0058727 -0.00039481 0.00087655 0.0048044 -0.0031845 0.0042446 -0.00029338 0.001616 0.0070479 0.0032982 0.00042983 -0.0068251 -0.012844 0.0020396
-0.0030109 -0.012296 0.002468 -0.0051767 -0.0094014 0.0041886 -0.0095069 0.0021412 -0.0048178 0.0060385 -0.010751 -0.0038502 0.00508 0.0095539 -0.0029882
-0.0041845 0.0033351 -0.00013903 -0.0020729 -0.0031792 -0.0032835 -0.0014247 -0.00046942 0.0010675 0.0013027 -0.0018758 0.0016303 -0.0077363 -0.011131 0.00099256
0.0026067 -0.0053501 -0.00059497 -0.0051082 -0.0073901 -0.011455 -0.005998 0.00067824 -0.0021733 -0.0010925 -0.010743 -0.00066875 -0.0040923 -0.0029619 0.0026536
0.0010957 0.00088072 0.005146 0.0017932 0.0013452 -0.0011831 0.0017393 -0.0004968 -0.0059771 -0.001022 0.0027879 -4.0962e-05 -0.0063421 -0.0078315 0.0027403
